384.0
345.8604
244.8551
115.6581
0.0
69.84341
82.67745
50.37421
0.0
39.6921
50.91253
33.01006
0.0
28.48847
37.83142
25.2704
0.0
22.90375
31.04744
21.12849
0.0
19.78547
27.21331
18.77297
0.0
18.02418
25.07993
17.49486
0.0
17.15625
24.11612
16.99103
0.0
16.99103
24.11613
17.15625
0.0
17.49486
25.07993
18.02418
0.0
18.77298
27.21332
19.78547
0.0
21.12849
31.04744
22.90375
0.0
25.2704
37.83142
28.48847
0.0
33.01006
50.91252
39.6921
0.0
50.37421
82.67746
69.84341
0.0
115.6581
244.8551
345.8603
301.2589
271.3372
192.0958
90.73702
0.0
54.79412
64.8628
39.51999
0.0
31.13958
39.94232
25.89733
0.0
22.35001
29.67982
19.82535
0.0
17.96865
24.35759
16.5759
0.0
15.52226
21.34961
14.72793
0.0
14.14048
19.67591
13.72521
0.0
13.45957
18.91978
13.32994
0.0
13.32994
18.91978
13.45957
0.0
13.72521
19.67591
14.14048
0.0
14.72793
21.34962
15.52226
0.0
16.5759
24.3576
17.96864
0.0
19.82535
29.67982
22.35001
0.0
25.89733
39.94231
31.13958
0.0
39.52
64.86281
54.79413
0.0
90.73702
192.0958
271.3372
115.4258
103.9615
73.60052
34.76543
0.0
20.99409
24.85186
15.14189
0.0
11.93097
15.3037
9.922431
0.0
8.563293
11.37167
7.595981
0.0
6.884595
9.332489
6.350971
0.0
5.947275
8.179996
5.64293
0.0
5.417853
7.538727
5.258746
0.0
5.156964
7.249018
5.1073
0.0
5.1073
7.249019
5.156965
0.0
5.258746
7.538725
5.417853
0.0
5.642932
8.179997
5.947275
0.0
6.350971
9.33249
6.884595
0.0
7.595981
11.37167
8.563294
0.0
9.922429
15.3037
11.93097
0.0
15.14189
24.85186
20.99409
0.0
34.76543
73.60052
103.9615
41.72913
37.58451
26.60831
12.56852
0.0
7.589853
8.984526
5.474145
0.0
4.313325
5.532645
3.58719
0.0
3.095831
4.111125
2.746124
0.0
2.488943
3.373913
2.296024
0.0
2.150079
2.957259
2.040051
0.0
1.95868
2.725426
1.90116
0.0
1.864363
2.620689
1.846408
0.0
1.846408
2.62069
1.864363
0.0
1.901159
2.725426
1.958681
0.0
2.040052
2.95726
2.150079
0.0
2.296024
3.373914
2.488942
0.0
2.746125
4.111125
3.095831
0.0
3.58719
5.532644
4.313326
0.0
5.474145
8.984528
7.589855
0.0
12.56852
26.60831
37.5845
82.01329
73.86757
52.29525
24.70182
0.0
14.91689
17.65794
10.75874
0.0
8.477292
10.87371
7.050166
0.0
6.084462
8.079895
5.397158
0.0
4.891699
6.630996
4.512544
0.0
4.225707
5.812118
4.009461
0.0
3.849537
5.356478
3.736487
0.0
3.664169
5.150631
3.62888
0.0
3.628881
5.150632
3.664169
0.0
3.736487
5.356477
3.849538
0.0
4.009462
5.812119
4.225707
0.0
4.512544
6.630997
4.891699
0.0
5.397159
8.079894
6.084463
0.0
7.050166
10.87371
8.477292
0.0
10.75874
17.65795
14.91689
0.0
24.70182
52.29525
73.86755
25.19932
22.69647
16.06818
7.589855
0.0
4.583348
5.425562
3.305718
0.0
2.604724
3.341044
2.166227
0.0
1.869505
2.48262
1.658325
0.0
1.503018
2.037433
1.386519
0.0
1.298386
1.785825
1.231943
0.0
1.182805
1.645826
1.148069
0.0
1.125848
1.582577
1.115006
0.0
1.115006
1.582578
1.125849
0.0
1.148069
1.645825
1.182805
0.0
1.231943
1.785826
1.298386
0.0
1.386519
2.037433
1.503018
0.0
1.658325
2.48262
1.869505
0.0
2.166226
3.341044
2.604724
0.0
3.305718
5.425562
4.583349
0.0
7.589855
16.06818
22.69647
38.97453
35.1035
24.85186
11.73885
0.0
7.088837
8.391444
5.112789
0.0
4.028596
5.167427
3.350395
0.0
2.89147
3.839744
2.564849
0.0
2.324643
3.151196
2.14446
0.0
2.008149
2.762047
1.905384
0.0
1.829385
2.545516
1.775661
0.0
1.741294
2.447694
1.724524
0.0
1.724524
2.447694
1.741294
0.0
1.775661
2.545516
1.829385
0.0
1.905385
2.762047
2.008149
0.0
2.14446
3.151196
2.324643
0.0
2.564849
3.839744
2.891471
0.0
3.350394
5.167426
4.028597
0.0
5.112789
8.391445
7.088838
0.0
11.73885
24.85185
35.1035
43.87806
39.52
27.97856
13.21576
0.0
7.980711
9.447203
5.756048
0.0
4.535449
5.81756
3.77192
0.0
3.255257
4.322837
2.887542
0.0
2.617115
3.547659
2.414263
0.0
2.260802
3.10955
2.145108
0.0
2.059547
2.865777
1.999064
0.0
1.960372
2.755647
1.941493
0.0
1.941493
2.755648
1.960373
0.0
1.999063
2.865777
2.059547
0.0
2.145108
3.109551
2.260802
0.0
2.414263
3.54766
2.617115
0.0
2.887542
4.322836
3.255258
0.0
3.77192
5.817559
4.535449
0.0
5.756049
9.447206
7.980712
0.0
13.21576
27.97856
39.52
0.0
0.0
0.0
0.0
0.0
0.0
0.0
0.0
0.0
0.0
0.0
0.0
0.0
0.0
0.0
0.0
0.0
0.0
0.0
0.0
0.0
0.0
0.0
0.0
0.0
0.0
0.0
0.0
0.0
0.0
0.0
0.0
0.0
0.0
0.0
0.0
0.0
0.0
0.0
0.0
0.0
0.0
0.0
0.0
0.0
0.0
0.0
0.0
0.0
0.0
0.0
0.0
0.0
0.0
0.0
0.0
0.0
0.0
0.0
0.0
0.0
0.0
0.0
0.0
34.57349
31.13958
22.04556
10.41329
0.0
6.28836
7.443876
4.535449
0.0
3.573684
4.583916
2.972065
0.0
2.564963
3.406158
2.275224
0.0
2.062143
2.79536
1.902306
0.0
1.781387
2.450154
1.690227
0.0
1.622809
2.258075
1.575152
0.0
1.544665
2.171298
1.529789
0.0
1.529789
2.171299
1.544666
0.0
1.575152
2.258075
1.62281
0.0
1.690227
2.450155
1.781387
0.0
1.902306
2.795361
2.062143
0.0
2.275224
3.406157
2.564963
0.0
2.972065
4.583917
3.573684
0.0
4.535449
7.443876
6.288361
0.0
10.41329
22.04556
31.13958
24.00039
21.61663
15.3037
7.228748
0.0
4.365284
5.167426
3.14844
0.0
2.480798
3.182086
2.063163
0.0
1.780559
2.364503
1.579426
0.0
1.431508
1.940497
1.320552
0.0
1.236612
1.70086
1.17333
0.0
1.12653
1.567521
1.093447
0.0
1.072284
1.507282
1.061957
0.0
1.061957
1.507283
1.072284
0.0
1.093447
1.567521
1.12653
0.0
1.17333
1.70086
1.236612
0.0
1.320552
1.940497
1.431508
0.0
1.579426
2.364503
1.780559
0.0
2.063163
3.182085
2.480798
0.0
3.148441
5.167427
4.365285
0.0
7.228749
15.3037
21.61663
11.90994
10.72703
7.594296
3.587191
0.0
2.166227
2.564281
1.56238
0.0
1.23107
1.579077
1.023823
0.0
0.8835832
1.17336
0.7837735
0.0
0.710371
0.9629509
0.65531
0.0
0.6136559
0.8440338
0.5822527
0.0
0.5590284
0.7778661
0.5426114
0.0
0.5321094
0.7479731
0.5269847
0.0
0.5269849
0.7479733
0.5321094
0.0
0.5426111
0.7778658
0.5590287
0.0
0.5822529
0.844034
0.6136559
0.0
0.65531
0.9629516
0.7103708
0.0
0.7837738
1.17336
0.8835834
0.0
1.023822
1.579076
1.23107
0.0
1.56238
2.564281
2.166227
0.0
3.58719
7.5943
10.72702
28.79924
25.93884
18.36365
8.674126
0.0
5.238116
6.200645
3.777966
0.0
2.97683
3.818339
2.475689
0.0
2.136579
2.837282
1.89523
0.0
1.717736
2.328496
1.584595
0.0
1.483871
2.040944
1.407935
0.0
1.351778
1.880945
1.31208
0.0
1.286685
1.808661
1.274293
0.0
1.274294
1.808662
1.286685
0.0
1.31208
1.880945
1.351778
0.0
1.407936
2.040945
1.483871
0.0
1.584595
2.328496
1.717736
0.0
1.89523
2.837282
2.136579
0.0
2.475689
3.818338
2.976829
0.0
3.777966
6.200645
5.238117
0.0
8.674125
18.36365
25.93884
10.27857
9.257682
6.55406
3.09583
0.0
1.869506
2.213036
1.348372
0.0
1.062442
1.362781
0.8835837
0.0
0.7625535
1.012638
0.6764153
0.0
0.6130672
0.8310497
0.5655484
0.0
0.5295995
0.7284213
0.502498
0.0
0.482455
0.671317
0.4682868
0.0
0.4592232
0.6455187
0.4548005
0.0
0.4548007
0.6455186
0.4592232
0.0
0.4682866
0.671317
0.4824552
0.0
0.502498
0.7284214
0.5295995
0.0
0.5655482
0.83105
0.613067
0.0
0.6764154
1.012637
0.762554
0.0
0.8835836
1.36278
1.062443
0.0
1.348372
2.213036
1.869505
0.0
3.095831
6.55406
9.257678
17.8339
16.0626
11.37167
5.371444
0.0
3.243699
3.839745
2.339502
0.0
1.843399
2.364503
1.533069
0.0
1.323075
1.756985
1.17362
0.0
1.063707
1.441919
0.981259
0.0
0.9188859
1.263853
0.8718629
0.0
0.8370873
1.164774
0.8125043
0.0
0.7967786
1.120012
0.7891051
0.0
0.7891052
1.120012
0.7967785
0.0
0.8125042
1.164773
0.8370873
0.0
0.8718634
1.263854
0.9188856
0.0
0.9812588
1.441919
1.063707
0.0
1.173619
1.756984
1.323075
0.0
1.533068
2.364503
1.843399
0.0
2.339502
3.839745
3.2437
0.0
5.371445
11.37167
16.0626
22.01158
19.82535
14.03554
6.62973
0.0
4.00355
4.739223
2.887541
0.0
2.275224
2.918399
1.892197
0.0
1.633011
2.168566
1.448545
0.0
1.312884
1.779696
1.211123
0.0
1.134139
1.559916
1.076101
0.0
1.033178
1.437628
1.002838
0.0
0.9834276
1.38238
0.9739568
0.0
0.9739562
1.38238
0.9834278
0.0
1.002837
1.437627
1.033179
0.0
1.076101
1.559918
1.134139
0.0
1.211124
1.779696
1.312884
0.0
1.448546
2.168566
1.63301
0.0
1.892196
2.918398
2.275224
0.0
2.887542
4.739223
4.003552
0.0
6.629728
14.03554
19.82535
0.0
0.0
0.0
0.0
0.0
0.0
0.0
0.0
0.0
0.0
0.0
0.0
0.0
0.0
0.0
0.0
0.0
0.0
0.0
0.0
0.0
0.0
0.0
0.0
0.0
0.0
0.0
0.0
0.0
0.0
0.0
0.0
0.0
0.0
0.0
0.0
0.0
0.0
0.0
0.0
0.0
0.0
0.0
0.0
0.0
0.0
0.0
0.0
0.0
0.0
0.0
0.0
0.0
0.0
0.0
0.0
0.0
0.0
0.0
0.0
0.0
0.0
0.0
0.0
19.95012
17.96865
12.72107
6.008837
0.0
3.628606
4.295381
2.617114
0.0
2.062143
2.645082
1.714987
0.0
1.480075
1.965474
1.312884
0.0
1.189929
1.613023
1.097698
0.0
1.027924
1.413826
0.9753203
0.0
0.9364184
1.302989
0.9089188
0.0
0.8913265
1.252916
0.8827425
0.0
0.8827429
1.252917
0.891327
0.0
0.9089184
1.302989
0.9364188
0.0
0.9753212
1.413826
1.027924
0.0
1.097698
1.613023
1.189929
0.0
1.312886
1.965473
1.480075
0.0
1.714987
2.645082
2.062142
0.0
2.617115
4.295382
3.628606
0.0
6.008837
12.72107
17.96866
14.6359
13.18224
9.332492
4.40823
0.0
2.662034
3.151197
1.919979
0.0
1.512838
1.940497
1.258157
0.0
1.085819
1.44192
0.9631645
0.0
0.8729614
1.183353
0.8052984
0.0
0.7541099
1.037217
0.7155192
0.0
0.6869797
0.9559048
0.666805
0.0
0.653899
0.91917
0.6476017
0.0
0.6476019
0.9191701
0.6538992
0.0
0.666805
0.9559048
0.6869797
0.0
0.7155195
1.037217
0.7541099
0.0
0.8052984
1.183352
0.8729615
0.0
0.9631647
1.441919
1.085819
0.0
1.258157
1.940497
1.512838
0.0
1.91998
3.151197
2.662035
0.0
4.40823
9.33249
13.18223
7.623103
6.865962
4.860824
2.296026
0.0
1.38652
1.641299
1.00002
0.0
0.787961
1.010707
0.6553107
0.0
0.5655484
0.7510235
0.5016639
0.0
0.4546817
0.6163486
0.4194393
0.0
0.3927778
0.5402343
0.3726778
0.0
0.3578131
0.4978829
0.347305
0.0
0.340583
0.4787492
0.3373031
0.0
0.3373032
0.4787492
0.3405831
0.0
0.347305
0.4978827
0.3578131
0.0
0.3726783
0.5402344
0.3927778
0.0
0.4194393
0.6163489
0.4546816
0.0
0.5016639
0.7510232
0.5655486
0.0
0.6553105
1.010707
0.7879609
0.0
1.000021
1.6413
1.386519
0.0
2.296026
4.860826
6.865963
19.24303
17.33178
12.2702
5.795866
0.0
3.499997
4.143138
2.524356
0.0
1.989054
2.551332
1.654202
0.0
1.427616
1.895811
1.266352
0.0
1.147755
1.555851
1.058792
0.0
0.9914908
1.363715
0.9407524
0.0
0.903229
1.256807
0.8767036
0.0
0.8597354
1.208509
0.8514556
0.0
0.8514556
1.208509
0.8597355
0.0
0.8767035
1.256807
0.9032292
0.0
0.9407529
1.363716
0.9914908
0.0
1.058792
1.555852
1.147755
0.0
1.266352
1.895811
1.427616
0.0
1.654202
2.551332
1.989054
0.0
2.524356
4.143139
3.499998
0.0
5.795865
12.2702
17.33178
7.138548
6.429534
4.551848
2.150079
0.0
1.298386
1.536971
0.9364546
0.0
0.7378747
0.9464622
0.6136558
0.0
0.5295993
0.7032845
0.4697758
0.0
0.4257801
0.5771707
0.3927778
0.0
0.3678112
0.5058945
0.3489886
0.0
0.3350688
0.4662351
0.3252288
0.0
0.3189339
0.4483178
0.3158624
0.0
0.3158627
0.4483178
0.3189339
0.0
0.3252287
0.4662351
0.3350689
0.0
0.3489889
0.5058945
0.3678111
0.0
0.3927776
0.5771706
0.4257802
0.0
0.4697759
0.7032844
0.5295995
0.0
0.6136558
0.946462
0.7378746
0.0
0.9364546
1.536971
1.298387
0.0
2.15008
4.551847
6.429531
12.82848
11.55433
8.179998
3.863846
0.0
2.333293
2.762047
1.682876
0.0
1.326014
1.70086
1.102784
0.0
0.9517283
1.263853
0.8442208
0.0
0.7651571
1.037217
0.7058498
0.0
0.6609828
0.9091285
0.6271579
0.0
0.6021427
0.8378577
0.5844595
0.0
0.5731474
0.8056591
0.5676276
0.0
0.5676276
0.8056594
0.5731474
0.0
0.5844594
0.8378576
0.6021427
0.0
0.6271582
0.9091286
0.6609828
0.0
0.7058498
1.037217
0.7651571
0.0
0.8442209
1.263853
0.9517285
0.0
1.102783
1.70086
1.326014
0.0
1.682876
2.762047
2.333293
0.0
3.863845
8.179998
11.55433
16.35204
14.72793
10.42677
4.92512
0.0
2.974173
3.520691
2.145108
0.0
1.690226
2.168032
1.405683
0.0
1.213137
1.610993
1.076101
0.0
0.9753209
1.322107
0.899724
0.0
0.8425332
1.158837
0.7994177
0.0
0.7675316
1.06799
0.7449914
0.0
0.7305724
1.026947
0.7235363
0.0
0.7235366
1.026948
0.7305724
0.0
0.7449915
1.06799
0.7675321
0.0
0.7994179
1.158837
0.8425334
0.0
0.8997239
1.322107
0.9753209
0.0
1.076101
1.610993
1.213137
0.0
1.405682
2.16803
1.690227
0.0
2.145108
3.520691
2.974173
0.0
4.92512
10.42678
14.72793
0.0
0.0
0.0
0.0
0.0
0.0
0.0
0.0
0.0
0.0
0.0
0.0
0.0
0.0
0.0
0.0
0.0
0.0
0.0
0.0
0.0
0.0
0.0
0.0
0.0
0.0
0.0
0.0
0.0
0.0
0.0
0.0
0.0
0.0
0.0
0.0
0.0
0.0
0.0
0.0
0.0
0.0
0.0
0.0
0.0
0.0
0.0
0.0
0.0
0.0
0.0
0.0
0.0
0.0
0.0
0.0
0.0
0.0
0.0
0.0
0.0
0.0
0.0
0.0
15.69983
14.14048
10.01089
4.728674
0.0
2.855544
3.380263
2.059547
0.0
1.62281
2.081556
1.349615
0.0
1.16475
1.546736
1.033179
0.0
0.9364188
1.269373
0.8638372
0.0
0.8089281
1.112615
0.7675319
0.0
0.7369177
1.025392
0.7152764
0.0
0.7014325
0.9859863
0.6946771
0.0
0.6946774
0.9859866
0.7014325
0.0
0.7152765
1.025391
0.7369181
0.0
0.7675322
1.112615
0.8089277
0.0
0.8638372
1.269373
0.9364191
0.0
1.033179
1.546736
1.16475
0.0
1.349615
2.081556
1.62281
0.0
2.059548
3.380265
2.855545
0.0
4.728675
10.01089
14.14048
11.82279
10.64853
7.538727
3.560941
0.0
2.150375
2.545516
1.550948
0.0
1.222062
1.567522
1.016331
0.0
0.8771178
1.164774
0.7780383
0.0
0.7051728
0.9559048
0.6505151
0.0
0.6091654
0.8378579
0.577992
0.0
0.554938
0.7721739
0.538641
0.0
0.5282157
0.7424998
0.5231287
0.0
0.5231288
0.7424998
0.5282158
0.0
0.5386409
0.7721739
0.554938
0.0
0.5779921
0.8378579
0.6091653
0.0
0.6505152
0.9559049
0.7051729
0.0
0.7780384
1.164773
0.8771181
0.0
1.016331
1.567522
1.222061
0.0
1.550948
2.545517
2.150375
0.0
3.560941
7.538726
10.64853
6.312099
5.685171
4.024869
1.901159
0.0
1.148069
1.359032
0.828039
0.0
0.6524493
0.8368875
0.5426114
0.0
0.4682867
0.6218637
0.4153885
0.0
0.3764864
0.5103503
0.3473049
0.0
0.3252287
0.4473256
0.3085855
0.0
0.296277
0.4122577
0.2875762
0.0
0.2820102
0.3964148
0.2792945
0.0
0.2792943
0.3964151
0.2820101
0.0
0.2875761
0.4122576
0.2962772
0.0
0.3085856
0.447326
0.3252285
0.0
0.3473049
0.5103505
0.3764863
0.0
0.4153887
0.6218636
0.4682867
0.0
0.5426113
0.8368876
0.6524494
0.0
0.8280391
1.359032
1.148069
0.0
1.901159
4.02487
5.685168
16.31346
14.69317
10.40217
4.913497
0.0
2.967154
3.512384
2.140046
0.0
1.686238
2.162915
1.402365
0.0
1.210275
1.607191
1.073561
0.0
0.9730195
1.318987
0.8976007
0.0
0.8405453
1.156102
0.7975313
0.0
0.7657205
1.06547
0.7432335
0.0
0.7288484
1.024524
0.7218292
0.0
0.7218292
1.024524
0.7288485
0.0
0.7432334
1.06547
0.7657207
0.0
0.7975315
1.156102
0.8405454
0.0
0.8976007
1.318987
0.9730194
0.0
1.073562
1.607191
1.210275
0.0
1.402365
2.162915
1.686239
0.0
2.140046
3.512384
2.967155
0.0
4.913497
10.40217
14.69317
6.189931
5.575138
3.94697
1.864362
0.0
1.125848
1.332728
0.8120123
0.0
0.6398215
0.8206903
0.5321088
0.0
0.459223
0.6098278
0.4073491
0.0
0.3691997
0.5004727
0.340583
0.0
0.3189341
0.4386679
0.302613
0.0
0.2905427
0.4042785
0.2820103
0.0
0.276552
0.3887424
0.2738886
0.0
0.2738886
0.3887427
0.2765522
0.0
0.2820104
0.4042786
0.290543
0.0
0.302613
0.438668
0.3189339
0.0
0.340583
0.5004727
0.3691997
0.0
0.4073492
0.6098276
0.4592232
0.0
0.5321095
0.82069
0.6398216
0.0
0.8120127
1.332729
1.125849
0.0
1.864363
3.946971
5.575136
11.36845
10.23931
7.249018
3.424096
0.0
2.067738
2.447694
1.491345
0.0
1.175098
1.507282
0.9772744
0.0
0.8434108
1.120012
0.7481389
0.0
0.6780732
0.91917
0.6255162
0.0
0.5857554
0.8056594
0.5557799
0.0
0.533612
0.7424997
0.5179414
0.0
0.5079165
0.7139658
0.5030251
0.0
0.5030251
0.7139661
0.5079166
0.0
0.5179414
0.7424997
0.533612
0.0
0.5557804
0.8056594
0.5857554
0.0
0.625516
0.9191701
0.6780734
0.0
0.7481388
1.120012
0.8434108
0.0
0.9772738
1.507282
1.175098
0.0
1.491346
2.447694
2.067737
0.0
3.424097
7.249017
10.23931
14.7999
13.32994
9.437059
4.457626
0.0
2.691861
3.186503
1.941493
0.0
1.52979
1.96224
1.272254
0.0
1.097986
1.458076
0.9739565
0.0
0.8827422
1.196612
0.8143217
0.0
0.7625591
1.048839
0.7235363
0.0
0.6946769
0.9666152
0.6742762
0.0
0.6612266
0.9294693
0.6548576
0.0
0.654858
0.9294693
0.6612261
0.0
0.6742765
0.9666154
0.6946772
0.0
0.723537
1.048839
0.7625599
0.0
0.8143214
1.196612
0.8827429
0.0
0.9739563
1.458076
1.097986
0.0
1.272254
1.962239
1.529789
0.0
1.941492
3.186506
2.691864
0.0
4.457625
9.437065
13.32993
0.0
0.0
0.0
0.0
0.0
0.0
0.0
0.0
0.0
0.0
0.0
0.0
0.0
0.0
0.0
0.0
0.0
0.0
0.0
0.0
0.0
0.0
0.0
0.0
0.0
0.0
0.0
0.0
0.0
0.0
0.0
0.0
0.0
0.0
0.0
0.0
0.0
0.0
0.0
0.0
0.0
0.0
0.0
0.0
0.0
0.0
0.0
0.0
0.0
0.0
0.0
0.0
0.0
0.0
0.0
0.0
0.0
0.0
0.0
0.0
0.0
0.0
0.0
0.0
14.7999
13.32994
9.437062
4.457625
0.0
2.691865
3.186506
1.941492
0.0
1.529789
1.962241
1.272254
0.0
1.097985
1.458077
0.9739574
0.0
0.8827432
1.196611
0.8143218
0.0
0.7625597
1.04884
0.7235364
0.0
0.6946775
0.9666161
0.6742765
0.0
0.6612262
0.9294692
0.6548581
0.0
0.6548582
0.929469
0.6612262
0.0
0.6742765
0.9666157
0.6946774
0.0
0.723537
1.04884
0.7625598
0.0
0.8143215
1.196612
0.8827432
0.0
0.9739565
1.458077
1.097986
0.0
1.272254
1.962241
1.529789
0.0
1.941493
3.186505
2.691863
0.0
4.457624
9.437059
13.32994
11.36845
10.23931
7.24902
3.424096
0.0
2.067738
2.447694
1.491346
0.0
1.175098
1.507283
0.9772742
0.0
0.8434108
1.120012
0.7481389
0.0
0.6780734
0.91917
0.6255161
0.0
0.5857555
0.8056592
0.55578
0.0
0.5336117
0.7424999
0.5179412
0.0
0.5079166
0.713966
0.5030252
0.0
0.5030252
0.7139662
0.5079168
0.0
0.5179412
0.7424996
0.5336121
0.0
0.5557803
0.8056595
0.5857552
0.0
0.6255164
0.9191698
0.6780734
0.0
0.7481388
1.120012
0.8434109
0.0
0.9772742
1.507282
1.175098
0.0
1.491346
2.447694
2.067737
0.0
3.424097
7.249019
10.23931
6.189933
5.575135
3.94697
1.864362
0.0
1.125849
1.332729
0.8120128
0.0
0.6398213
0.8206903
0.5321097
0.0
0.4592229
0.6098278
0.4073488
0.0
0.3691998
0.5004728
0.3405831
0.0
0.3189341
0.438668
0.3026129
0.0
0.2905428
0.4042788
0.2820104
0.0
0.2765522
0.3887423
0.2738889
0.0
0.2738888
0.3887426
0.2765521
0.0
0.2820103
0.4042787
0.2905429
0.0
0.302613
0.4386682
0.318934
0.0
0.3405831
0.5004729
0.3691995
0.0
0.4073491
0.609828
0.4592233
0.0
0.5321094
0.8206897
0.6398212
0.0
0.8120124
1.332729
1.125849
0.0
1.864364
3.946971
5.575134
16.31346
14.69317
10.40217
4.913497
0.0
2.967155
3.512383
2.140046
0.0
1.686238
2.162915
1.402365
0.0
1.210275
1.607191
1.073561
0.0
0.9730194
1.318987
0.8976008
0.0
0.8405452
1.156102
0.7975314
0.0
0.7657205
1.06547
0.7432336
0.0
0.7288484
1.024524
0.7218291
0.0
0.7218292
1.024524
0.7288485
0.0
0.7432334
1.06547
0.7657207
0.0
0.7975317
1.156102
0.8405452
0.0
0.8976007
1.318987
0.9730194
0.0
1.073561
1.607191
1.210275
0.0
1.402365
2.162915
1.686238
0.0
2.140046
3.512383
2.967155
0.0
4.913497
10.40217
14.69317
6.312104
5.685169
4.024873
1.90116
0.0
1.148069
1.359033
0.8280391
0.0
0.6524497
0.8368887
0.5426114
0.0
0.4682869
0.6218638
0.4153888
0.0
0.3764867
0.5103507
0.3473051
0.0
0.3252288
0.447326
0.3085856
0.0
0.2962772
0.4122582
0.2875766
0.0
0.2820104
0.3964152
0.2792945
0.0
0.2792946
0.3964153
0.2820105
0.0
0.2875763
0.4122581
0.2962775
0.0
0.3085859
0.447326
0.3252287
0.0
0.347305
0.5103506
0.3764866
0.0
0.4153888
0.621864
0.4682869
0.0
0.5426118
0.8368881
0.6524498
0.0
0.8280393
1.359033
1.148069
0.0
1.90116
4.024873
5.685171
11.82279
10.64853
7.538728
3.560941
0.0
2.150375
2.545517
1.550948
0.0
1.222062
1.567522
1.016331
0.0
0.8771178
1.164774
0.7780384
0.0
0.7051728
0.9559047
0.6505151
0.0
0.6091654
0.837858
0.577992
0.0
0.554938
0.772174
0.5386409
0.0
0.5282157
0.7424998
0.5231286
0.0
0.5231287
0.7424999
0.5282158
0.0
0.538641
0.7721741
0.554938
0.0
0.5779923
0.8378581
0.6091652
0.0
0.6505152
0.9559048
0.705173
0.0
0.7780385
1.164774
0.8771181
0.0
1.016331
1.567522
1.222062
0.0
1.550948
2.545517
2.150376
0.0
3.560941
7.538727
10.64853
15.69982
14.14048
10.01089
4.728673
0.0
2.855542
3.380263
2.059546
0.0
1.62281
2.081555
1.349614
0.0
1.164749
1.546735
1.033179
0.0
0.9364186
1.269372
0.8638368
0.0
0.8089275
1.112615
0.7675316
0.0
0.7369175
1.025391
0.7152765
0.0
0.7014323
0.9859865
0.6946772
0.0
0.694677
0.9859862
0.7014325
0.0
0.7152764
1.025392
0.7369176
0.0
0.7675321
1.112615
0.8089275
0.0
0.8638368
1.269373
0.9364186
0.0
1.033179
1.546735
1.16475
0.0
1.349615
2.081557
1.62281
0.0
2.059546
3.380262
2.855544
0.0
4.728674
10.01089
14.14048
0.0
0.0
0.0
0.0
0.0
0.0
0.0
0.0
0.0
0.0
0.0
0.0
0.0
0.0
0.0
0.0
0.0
0.0
0.0
0.0
0.0
0.0
0.0
0.0
0.0
0.0
0.0
0.0
0.0
0.0
0.0
0.0
0.0
0.0
0.0
0.0
0.0
0.0
0.0
0.0
0.0
0.0
0.0
0.0
0.0
0.0
0.0
0.0
0.0
0.0
0.0
0.0
0.0
0.0
0.0
0.0
0.0
0.0
0.0
0.0
0.0
0.0
0.0
0.0
16.35204
14.72792
10.42677
4.925118
0.0
2.974172
3.520691
2.145108
0.0
1.690227
2.16803
1.405682
0.0
1.213137
1.610993
1.076101
0.0
0.9753203
1.322107
0.8997238
0.0
0.8425332
1.158837
0.7994175
0.0
0.7675315
1.06799
0.7449914
0.0
0.7305722
1.026947
0.7235365
0.0
0.7235364
1.026948
0.7305721
0.0
0.744991
1.06799
0.7675312
0.0
0.7994179
1.158837
0.8425333
0.0
0.8997241
1.322106
0.9753202
0.0
1.076101
1.610992
1.213137
0.0
1.405682
2.168031
1.690226
0.0
2.145108
3.520691
2.974172
0.0
4.925117
10.42677
14.72792
12.82848
11.55433
8.179996
3.863845
0.0
2.333293
2.762046
1.682876
0.0
1.326014
1.70086
1.102783
0.0
0.9517285
1.263853
0.8442209
0.0
0.765157
1.037217
0.7058498
0.0
0.6609828
0.9091284
0.6271579
0.0
0.6021426
0.8378576
0.5844595
0.0
0.5731473
0.8056592
0.5676277
0.0
0.5676277
0.8056594
0.5731475
0.0
0.5844594
0.8378573
0.6021428
0.0
0.627158
0.9091286
0.6609829
0.0
0.7058498
1.037217
0.765157
0.0
0.8442208
1.263853
0.9517284
0.0
1.102783
1.70086
1.326014
0.0
1.682876
2.762047
2.333293
0.0
3.863846
8.179996
11.55433
7.138543
6.42953
4.551845
2.150079
0.0
1.298386
1.536971
0.9364545
0.0
0.7378744
0.9464619
0.6136556
0.0
0.5295995
0.7032844
0.4697757
0.0
0.4257802
0.5771707
0.3927776
0.0
0.3678111
0.5058944
0.3489886
0.0
0.3350688
0.4662348
0.3252285
0.0
0.318934
0.4483176
0.3158626
0.0
0.3158626
0.4483177
0.318934
0.0
0.3252285
0.4662348
0.335069
0.0
0.3489889
0.5058947
0.367811
0.0
0.3927776
0.5771706
0.4257799
0.0
0.469776
0.7032843
0.5295996
0.0
0.6136551
0.9464614
0.7378744
0.0
0.9364544
1.53697
1.298385
0.0
2.150079
4.551847
6.429527
19.24303
17.33178
12.2702
5.795865
0.0
3.499997
4.143139
2.524356
0.0
1.989054
2.551332
1.654202
0.0
1.427616
1.895811
1.266352
0.0
1.147755
1.555851
1.058792
0.0
0.9914907
1.363715
0.9407524
0.0
0.9032289
1.256807
0.8767037
0.0
0.8597353
1.208509
0.8514556
0.0
0.8514556
1.208509
0.8597354
0.0
0.8767036
1.256807
0.9032292
0.0
0.9407527
1.363716
0.9914908
0.0
1.058792
1.555852
1.147755
0.0
1.266352
1.895811
1.427616
0.0
1.654203
2.551332
1.989054
0.0
2.524356
4.143139
3.499998
0.0
5.795866
12.2702
17.33178
7.623105
6.865963
4.860824
2.296025
0.0
1.386519
1.641299
1.00002
0.0
0.787961
1.010707
0.6553105
0.0
0.5655481
0.7510232
0.5016637
0.0
0.4546815
0.6163487
0.4194393
0.0
0.392778
0.5402342
0.3726776
0.0
0.357813
0.4978828
0.347305
0.0
0.340583
0.478749
0.337303
0.0
0.337303
0.4787492
0.3405832
0.0
0.3473049
0.4978825
0.3578133
0.0
0.3726778
0.5402342
0.3927779
0.0
0.4194393
0.6163487
0.4546812
0.0
0.5016639
0.7510231
0.5655484
0.0
0.6553101
1.010707
0.7879609
0.0
1.000021
1.641299
1.38652
0.0
2.296025
4.860824
6.865963
14.6359
13.18224
9.332491
4.408229
0.0
2.662035
3.151196
1.91998
0.0
1.512838
1.940497
1.258157
0.0
1.085819
1.441919
0.9631646
0.0
0.8729615
1.183352
0.8052981
0.0
0.7541099
1.037217
0.7155192
0.0
0.6869796
0.9559046
0.666805
0.0
0.6538988
0.91917
0.6476017
0.0
0.6476018
0.9191702
0.6538993
0.0
0.6668048
0.9559047
0.6869797
0.0
0.7155195
1.037217
0.75411
0.0
0.8052982
1.183353
0.8729614
0.0
0.9631646
1.441919
1.085819
0.0
1.258156
1.940497
1.512838
0.0
1.91998
3.151197
2.662034
0.0
4.40823
9.332492
13.18224
19.95012
17.96864
12.72107
6.008839
0.0
3.628608
4.295381
2.617115
0.0
2.062142
2.645083
1.714987
0.0
1.480075
1.965474
1.312885
0.0
1.18993
1.613022
1.097698
0.0
1.027923
1.413825
0.9753206
0.0
0.9364192
1.302989
0.9089184
0.0
0.8913266
1.252916
0.8827424
0.0
0.8827429
1.252916
0.891327
0.0
0.9089186
1.302989
0.9364182
0.0
0.9753212
1.413826
1.027923
0.0
1.097698
1.613022
1.18993
0.0
1.312885
1.965473
1.480075
0.0
1.714987
2.645082
2.062142
0.0
2.617115
4.29538
3.628607
0.0
6.008836
12.72107
17.96864
0.0
0.0
0.0
0.0
0.0
0.0
0.0
0.0
0.0
0.0
0.0
0.0
0.0
0.0
0.0
0.0
0.0
0.0
0.0
0.0
0.0
0.0
0.0
0.0
0.0
0.0
0.0
0.0
0.0
0.0
0.0
0.0
0.0
0.0
0.0
0.0
0.0
0.0
0.0
0.0
0.0
0.0
0.0
0.0
0.0
0.0
0.0
0.0
0.0
0.0
0.0
0.0
0.0
0.0
0.0
0.0
0.0
0.0
0.0
0.0
0.0
0.0
0.0
0.0
22.01158
19.82534
14.03554
6.629732
0.0
4.003551
4.739222
2.887542
0.0
2.275223
2.918399
1.892197
0.0
1.633011
2.168566
1.448545
0.0
1.312885
1.779695
1.211123
0.0
1.134139
1.559916
1.076101
0.0
1.033179
1.437627
1.002837
0.0
0.9834275
1.38238
0.9739568
0.0
0.9739565
1.38238
0.9834276
0.0
1.002837
1.437627
1.033179
0.0
1.076101
1.559917
1.134139
0.0
1.211123
1.779696
1.312885
0.0
1.448545
2.168565
1.633011
0.0
1.892196
2.918399
2.275224
0.0
2.887542
4.739223
4.003552
0.0
6.629731
14.03554
19.82533
17.8339
16.06261
11.37167
5.371445
0.0
3.243699
3.839743
2.339502
0.0
1.843399
2.364503
1.533068
0.0
1.323075
1.756984
1.17362
0.0
1.063707
1.441919
0.9812588
0.0
0.9188858
1.263853
0.8718628
0.0
0.8370872
1.164773
0.8125042
0.0
0.7967786
1.120012
0.789105
0.0
0.789105
1.120012
0.7967784
0.0
0.8125042
1.164773
0.8370873
0.0
0.8718631
1.263853
0.9188856
0.0
0.9812588
1.441919
1.063707
0.0
1.173619
1.756984
1.323075
0.0
1.533068
2.364502
1.843399
0.0
2.339502
3.839744
3.243699
0.0
5.371445
11.37167
16.0626
10.27857
9.257682
6.554061
3.095831
0.0
1.869504
2.213036
1.348371
0.0
1.062443
1.36278
0.8835835
0.0
0.7625535
1.012637
0.6764153
0.0
0.6130673
0.83105
0.5655483
0.0
0.5295998
0.7284215
0.5024981
0.0
0.4824549
0.6713172
0.4682866
0.0
0.4592231
0.6455187
0.4548005
0.0
0.4548005
0.6455188
0.4592233
0.0
0.4682865
0.6713167
0.4824552
0.0
0.5024981
0.7284214
0.5295998
0.0
0.5655482
0.8310499
0.613067
0.0
0.6764156
1.012637
0.7625538
0.0
0.8835834
1.362781
1.062443
0.0
1.348372
2.213036
1.869506
0.0
3.095831
6.554061
9.25768
28.79924
25.93884
18.36365
8.674125
0.0
5.238117
6.200645
3.777966
0.0
2.976829
3.818339
2.475689
0.0
2.136579
2.837282
1.89523
0.0
1.717736
2.328496
1.584595
0.0
1.483871
2.040945
1.407935
0.0
1.351778
1.880945
1.31208
0.0
1.286685
1.808661
1.274293
0.0
1.274294
1.808661
1.286685
0.0
1.31208
1.880945
1.351778
0.0
1.407936
2.040945
1.483871
0.0
1.584595
2.328496
1.717736
0.0
1.89523
2.837282
2.136579
0.0
2.475689
3.818338
2.976829
0.0
3.777966
6.200646
5.238117
0.0
8.674126
18.36365
25.93884
11.90994
10.72703
7.594296
3.587191
0.0
2.166226
2.564281
1.56238
0.0
1.23107
1.579077
1.023823
0.0
0.8835835
1.17336
0.7837735
0.0
0.7103711
0.962951
0.6553101
0.0
0.6136557
0.8440338
0.5822525
0.0
0.5590284
0.7778661
0.5426114
0.0
0.5321093
0.7479729
0.5269849
0.0
0.5269849
0.7479733
0.5321094
0.0
0.5426112
0.777866
0.5590288
0.0
0.5822527
0.8440341
0.6136557
0.0
0.65531
0.9629515
0.710371
0.0
0.7837735
1.173359
0.883584
0.0
1.023823
1.579076
1.231069
0.0
1.56238
2.564281
2.166227
0.0
3.587189
7.5943
10.72703
24.00039
21.61662
15.3037
7.228747
0.0
4.365284
5.167426
3.14844
0.0
2.480798
3.182085
2.063163
0.0
1.780559
2.364503
1.579426
0.0
1.431508
1.940497
1.320552
0.0
1.236612
1.70086
1.17333
0.0
1.12653
1.567521
1.093447
0.0
1.072284
1.507282
1.061957
0.0
1.061957
1.507283
1.072283
0.0
1.093447
1.567521
1.12653
0.0
1.17333
1.700861
1.236612
0.0
1.320552
1.940497
1.431508
0.0
1.579426
2.364503
1.780559
0.0
2.063163
3.182085
2.480798
0.0
3.148441
5.167427
4.365284
0.0
7.228748
15.3037
21.61662
34.57349
31.13958
22.04556
10.41329
0.0
6.288359
7.443876
4.535449
0.0
3.573684
4.583916
2.972065
0.0
2.564963
3.406157
2.275224
0.0
2.062143
2.79536
1.902306
0.0
1.781387
2.450154
1.690227
0.0
1.622809
2.258075
1.575152
0.0
1.544665
2.171298
1.529789
0.0
1.529789
2.171299
1.544666
0.0
1.575152
2.258074
1.622809
0.0
1.690227
2.450155
1.781387
0.0
1.902306
2.795361
2.062142
0.0
2.275224
3.406157
2.564963
0.0
2.972065
4.583916
3.573684
0.0
4.535449
7.443876
6.288359
0.0
10.41329
22.04556
31.13958
0.0
0.0
0.0
0.0
0.0
0.0
0.0
0.0
0.0
0.0
0.0
0.0
0.0
0.0
0.0
0.0
0.0
0.0
0.0
0.0
0.0
0.0
0.0
0.0
0.0
0.0
0.0
0.0
0.0
0.0
0.0
0.0
0.0
0.0
0.0
0.0
0.0
0.0
0.0
0.0
0.0
0.0
0.0
0.0
0.0
0.0
0.0
0.0
0.0
0.0
0.0
0.0
0.0
0.0
0.0
0.0
0.0
0.0
0.0
0.0
0.0
0.0
0.0
0.0
43.87806
39.52
27.97856
13.21576
0.0
7.98071
9.447204
5.756049
0.0
4.53545
5.817559
3.77192
0.0
3.255257
4.322836
2.887542
0.0
2.617115
3.54766
2.414263
0.0
2.260802
3.10955
2.145107
0.0
2.059547
2.865777
1.999063
0.0
1.960372
2.755647
1.941493
0.0
1.941493
2.755647
1.960372
0.0
1.999064
2.865777
2.059547
0.0
2.145108
3.10955
2.260802
0.0
2.414263
3.54766
2.617115
0.0
2.887542
4.322837
3.255257
0.0
3.77192
5.817558
4.535449
0.0
5.756048
9.447204
7.980711
0.0
13.21576
27.97857
39.51999
38.97453
35.1035
24.85185
11.73885
0.0
7.088838
8.391445
5.112789
0.0
4.028596
5.167427
3.350395
0.0
2.891471
3.839744
2.564849
0.0
2.324643
3.151196
2.14446
0.0
2.008149
2.762047
1.905384
0.0
1.829385
2.545516
1.775661
0.0
1.741294
2.447694
1.724524
0.0
1.724524
2.447694
1.741294
0.0
1.775661
2.545516
1.829385
0.0
1.905385
2.762047
2.008149
0.0
2.14446
3.151196
2.324643
0.0
2.564849
3.839744
2.891471
0.0
3.350394
5.167426
4.028597
0.0
5.112789
8.391445
7.088837
0.0
11.73885
24.85185
35.1035
25.19932
22.69647
16.06818
7.589855
0.0
4.583348
5.42556
3.305718
0.0
2.604724
3.341044
2.166227
0.0
1.869506
2.48262
1.658325
0.0
1.503018
2.037433
1.386519
0.0
1.298386
1.785825
1.231943
0.0
1.182805
1.645826
1.148069
0.0
1.125848
1.582577
1.115006
0.0
1.115006
1.582578
1.125849
0.0
1.148069
1.645826
1.182805
0.0
1.231943
1.785825
1.298386
0.0
1.386519
2.037433
1.503018
0.0
1.658325
2.48262
1.869506
0.0
2.166227
3.341044
2.604724
0.0
3.305718
5.425561
4.583349
0.0
7.589855
16.06818
22.69647
82.01329
73.86756
52.29525
24.70182
0.0
14.91689
17.65794
10.75874
0.0
8.477292
10.87371
7.050166
0.0
6.084462
8.079895
5.397158
0.0
4.891699
6.630996
4.512544
0.0
4.225707
5.812118
4.009461
0.0
3.849537
5.356477
3.736487
0.0
3.664169
5.150631
3.628881
0.0
3.628881
5.150632
3.664169
0.0
3.736487
5.356477
3.849538
0.0
4.009463
5.812119
4.225707
0.0
4.512544
6.630997
4.891698
0.0
5.397158
8.079894
6.084462
0.0
7.050166
10.87371
8.477292
0.0
10.75874
17.65795
14.91689
0.0
24.70182
52.29525
73.86756
41.72913
37.58451
26.60831
12.56852
0.0
7.589853
8.984526
5.474145
0.0
4.313325
5.532644
3.58719
0.0
3.09583
4.111125
2.746124
0.0
2.488942
3.373913
2.296025
0.0
2.150079
2.95726
2.040051
0.0
1.95868
2.725426
1.90116
0.0
1.864363
2.620689
1.846408
0.0
1.846408
2.620689
1.864363
0.0
1.901159
2.725425
1.958681
0.0
2.040052
2.95726
2.150079
0.0
2.296024
3.373913
2.488942
0.0
2.746125
4.111125
3.095831
0.0
3.58719
5.532643
4.313325
0.0
5.474145
8.984528
7.589856
0.0
12.56852
26.60831
37.5845
115.4258
103.9615
73.60052
34.76543
0.0
20.99409
24.85186
15.14189
0.0
11.93097
15.3037
9.922431
0.0
8.563293
11.37167
7.595981
0.0
6.884595
9.332489
6.350971
0.0
5.947275
8.179996
5.64293
0.0
5.417853
7.538727
5.258746
0.0
5.156964
7.249018
5.107299
0.0
5.1073
7.24902
5.156965
0.0
5.258746
7.538726
5.417854
0.0
5.642932
8.179998
5.947274
0.0
6.350971
9.33249
6.884595
0.0
7.595981
11.37167
8.563294
0.0
9.922429
15.3037
11.93097
0.0
15.14189
24.85186
20.99409
0.0
34.76543
73.60052
103.9615
301.2589
271.3372
192.0958
90.73702
0.0
54.79412
64.8628
39.51999
0.0
31.13958
39.94232
25.89733
0.0
22.35001
29.67982
19.82534
0.0
17.96864
24.35759
16.5759
0.0
15.52226
21.34961
14.72792
0.0
14.14048
19.67591
13.72521
0.0
13.45957
18.91978
13.32994
0.0
13.32994
18.91978
13.45957
0.0
13.72521
19.67591
14.14048
0.0
14.72793
21.34962
15.52226
0.0
16.5759
24.3576
17.96864
0.0
19.82535
29.67982
22.35001
0.0
25.89733
39.94231
31.13958
0.0
39.52
64.86281
54.79413
0.0
90.73702
192.0958
271.3372
