152.2298
137.11
97.06837
45.85054
0.0
27.68815
32.77598
19.96994
0.0
15.73521
20.18335
13.08624
0.0
11.29374
14.99758
10.01799
0.0
9.079778
12.3082
8.376006
0.0
7.84359
10.78822
7.442202
0.0
7.145359
9.942483
6.93552
0.0
6.801285
9.5604
6.735784
0.0
6.735785
9.560401
6.801286
0.0
6.935521
9.942483
7.14536
0.0
7.442204
10.78823
7.843588
0.0
8.376006
12.3082
9.079778
0.0
10.01799
14.99758
11.29374
0.0
13.08624
20.18335
15.73522
0.0
19.96995
32.77598
27.68815
0.0
45.85054
97.06837
137.11
144.6745
130.3052
92.25079
43.57494
0.0
26.31396
31.14928
18.97882
0.0
14.95426
19.18163
12.43676
0.0
10.73322
14.25324
9.52079
0.0
8.629142
11.69733
7.960298
0.0
7.454306
10.25279
7.07284
0.0
6.790729
9.44903
6.591304
0.0
6.463732
9.08591
6.401482
0.0
6.401482
9.08591
6.463733
0.0
6.591305
9.449029
6.79073
0.0
7.072841
10.2528
7.454305
0.0
7.960298
11.69733
8.629141
0.0
9.52079
14.25324
10.73322
0.0
12.43676
19.18163
14.95426
0.0
18.97882
31.14928
26.31396
0.0
43.57494
92.25079
130.3052
123.6172
111.3393
78.8237
37.23261
0.0
22.48397
26.61551
16.21646
0.0
12.77767
16.38975
10.62659
0.0
9.171002
12.17868
8.135041
0.0
7.373171
9.994785
6.801679
0.0
6.369333
8.760503
6.043389
0.0
5.80234
8.073725
5.631941
0.0
5.522937
7.763457
5.469747
0.0
5.469748
7.763457
5.522938
0.0
5.631942
8.073725
5.80234
0.0
6.04339
8.760505
6.369333
0.0
6.801678
9.994785
7.373171
0.0
8.135041
12.17868
9.171002
0.0
10.62659
16.38975
12.77767
0.0
16.21646
26.61551
22.48397
0.0
37.23261
78.8237
111.3393
93.44183
84.161
59.58258
28.14401
0.0
16.99556
20.11857
12.25796
0.0
9.658601
12.38896
8.032605
0.0
6.93233
9.205827
6.149251
0.0
5.573356
7.555026
5.141366
0.0
4.814558
6.622035
4.568178
0.0
4.38597
6.102902
4.257165
0.0
4.17477
5.868372
4.134564
0.0
4.134564
5.868372
4.17477
0.0
4.257166
6.102902
4.38597
0.0
4.56818
6.622036
4.814557
0.0
5.141366
7.555026
5.573355
0.0
6.149251
9.205827
6.932331
0.0
8.032604
12.38896
9.658602
0.0
12.25797
20.11857
16.99556
0.0
28.14401
59.58257
84.161
60.12132
54.14994
38.33597
18.10811
0.0
10.9351
12.94447
7.886885
0.0
6.214431
7.971167
5.168251
0.0
4.460324
5.923112
3.956484
0.0
3.585947
4.860971
3.308001
0.0
3.09773
4.260677
2.939207
0.0
2.821972
3.926662
2.739099
0.0
2.686085
3.775764
2.660216
0.0
2.660216
3.775764
2.686085
0.0
2.739099
3.926662
2.821972
0.0
2.939207
4.260678
3.09773
0.0
3.308002
4.860971
3.585947
0.0
3.956484
5.923112
4.460324
0.0
5.16825
7.971167
6.214431
0.0
7.886886
12.94447
10.9351
0.0
18.10811
38.33597
54.14994
29.65206
26.70695
18.90745
8.930988
0.0
5.393231
6.384263
3.889841
0.0
3.064981
3.931409
2.549001
0.0
2.199848
2.921301
1.951353
0.0
1.768602
2.397449
1.631519
0.0
1.527812
2.101382
1.449628
0.0
1.391808
1.936645
1.350934
0.0
1.324787
1.862221
1.312029
0.0
1.312029
1.862221
1.324787
0.0
1.350934
1.936645
1.391807
0.0
1.449628
2.101382
1.527812
0.0
1.631519
2.39745
1.768602
0.0
1.951353
2.921301
2.199848
0.0
2.549001
3.931409
3.064981
0.0
3.889842
6.384263
5.39323
0.0
8.930989
18.90744
26.70695
6.583518
5.929631
4.19794
1.982909
0.0
1.197436
1.417471
0.8636447
0.0
0.6805047
0.872874
0.5659437
0.0
0.4884232
0.6486043
0.4332508
0.0
0.3926747
0.5322949
0.3622392
0.0
0.3392135
0.4665607
0.3218544
0.0
0.3090173
0.4299849
0.2999417
0.0
0.2941367
0.4134615
0.2913042
0.0
0.2913043
0.4134613
0.2941367
0.0
0.2999417
0.4299853
0.3090169
0.0
0.3218547
0.4665609
0.3392141
0.0
0.3622392
0.5322956
0.3926745
0.0
0.4332507
0.6486039
0.4884231
0.0
0.5659438
0.8728738
0.6805042
0.0
0.8636453
1.41747
1.197436
0.0
1.982909
4.197939
5.929631
6.933406
6.244764
4.42104
2.088292
0.0
1.261074
1.492802
0.9095438
0.0
0.7166703
0.9192631
0.5960212
0.0
0.5143802
0.6830741
0.4562756
0.0
0.4135448
0.5605849
0.3814905
0.0
0.3572416
0.4913569
0.33896
0.0
0.3254396
0.4528366
0.3158828
0.0
0.3097688
0.435434
0.3067854
0.0
0.3067855
0.435434
0.3097689
0.0
0.3158831
0.4528361
0.3254402
0.0
0.33896
0.4913566
0.3572407
0.0
0.3814903
0.5605847
0.413545
0.0
0.4562757
0.6830741
0.5143804
0.0
0.5960209
0.9192637
0.7166705
0.0
0.9095438
1.492803
1.261074
0.0
2.088291
4.421039
6.244766
11.33912
10.2129
7.230319
3.415263
0.0
2.062404
2.44138
1.487498
0.0
1.172067
1.503394
0.974753
0.0
0.8412349
1.117122
0.7462086
0.0
0.6763245
0.9167994
0.6239023
0.0
0.584245
0.8035813
0.5543464
0.0
0.5322351
0.7405844
0.5166051
0.0
0.5066065
0.7121236
0.5017273
0.0
0.5017276
0.7121237
0.5066065
0.0
0.5166056
0.7405837
0.5322356
0.0
0.5543465
0.8035814
0.5842438
0.0
0.6239022
0.9167994
0.6763248
0.0
0.7462088
1.117123
0.841235
0.0
0.9747525
1.503394
1.172067
0.0
1.487499
2.44138
2.062403
0.0
3.415262
7.230319
10.2129
9.111529
8.206554
5.809907
2.744327
0.0
1.657241
1.961766
1.195276
0.0
0.9418119
1.20805
0.7832605
0.0
0.6759725
0.8976615
0.5996144
0.0
0.5434589
0.7366924
0.5013354
0.0
0.4694688
0.6457162
0.4454437
0.0
0.4276765
0.595095
0.415117
0.0
0.4070825
0.5722256
0.4031621
0.0
0.4031622
0.5722258
0.4070826
0.0
0.4151174
0.5950943
0.4276766
0.0
0.445444
0.6457163
0.4694679
0.0
0.5013353
0.7366926
0.5434593
0.0
0.5996147
0.8976619
0.6759729
0.0
0.7832606
1.20805
0.9418121
0.0
1.195276
1.961766
1.65724
0.0
2.744327
5.809907
8.206553
3.710898
3.342327
2.36623
1.117696
0.0
0.674953
0.7989784
0.486806
0.0
0.3835765
0.4920084
0.3190023
0.0
0.2753066
0.3655949
0.2442082
0.0
0.2213369
0.3000365
0.2041811
0.0
0.1912031
0.2629845
0.1814179
0.0
0.1741819
0.2423672
0.1690666
0.0
0.1657946
0.2330529
0.1641979
0.0
0.164198
0.2330532
0.1657945
0.0
0.1690672
0.2423666
0.174182
0.0
0.1814183
0.2629847
0.1912024
0.0
0.2041812
0.3000371
0.2213373
0.0
0.2442082
0.3655953
0.2753068
0.0
0.3190022
0.4920086
0.3835765
0.0
0.4868061
0.7989786
0.6749525
0.0
1.117695
2.366229
3.342327
1.595053
1.436629
1.017078
0.4804191
0.0
0.2901143
0.3434249
0.2092445
0.0
0.1648727
0.2114801
0.1371171
0.0
0.1183354
0.157144
0.1049674
0.0
0.09513803
0.1289644
0.08776386
0.0
0.08218433
0.1130379
0.07797939
0.0
0.07486866
0.1041769
0.07267019
0.0
0.07126337
0.1001736
0.07057715
0.0
0.07057687
0.1001732
0.07126357
0.0
0.07266968
0.1041773
0.07486894
0.0
0.0779788
0.1130379
0.08218496
0.0
0.08776361
0.1289639
0.0951377
0.0
0.1049677
0.1571438
0.1183353
0.0
0.1371173
0.2114799
0.1648727
0.0
0.209244
0.3434247
0.2901151
0.0
0.4804201
1.017077
1.436628
4.645042
4.183687
2.961881
1.399054
0.0
0.8448579
1.000105
0.60935
0.0
0.4801343
0.6158616
0.3993052
0.0
0.3446099
0.4576268
0.3056818
0.0
0.2770551
0.3755644
0.2555806
0.0
0.2393339
0.3291845
0.2270869
0.0
0.218029
0.3033785
0.2116262
0.0
0.2075298
0.2917199
0.2055313
0.0
0.2055313
0.2917196
0.2075302
0.0
0.2116259
0.3033791
0.2180292
0.0
0.2270863
0.3291844
0.2393343
0.0
0.2555804
0.3755638
0.2770552
0.0
0.3056823
0.4576264
0.3446099
0.0
0.3993053
0.6158613
0.4801341
0.0
0.6093504
1.000105
0.8448585
0.0
1.399055
2.961881
4.183687
4.783778
4.308644
3.050346
1.440839
0.0
0.8700914
1.029975
0.6275492
0.0
0.4944744
0.6342555
0.4112312
0.0
0.3549024
0.4712946
0.3148113
0.0
0.2853298
0.3867813
0.2632141
0.0
0.2464822
0.3390164
0.2338692
0.0
0.2245408
0.3124395
0.2179468
0.0
0.2137281
0.3004326
0.2116698
0.0
0.2116699
0.3004324
0.2137287
0.0
0.2179464
0.3124397
0.2245409
0.0
0.2338686
0.3390163
0.2464824
0.0
0.2632138
0.3867808
0.2853302
0.0
0.3148122
0.4712946
0.354902
0.0
0.4112311
0.6342554
0.4944745
0.0
0.6275494
1.029975
0.8700922
0.0
1.440839
3.050344
4.308643
2.695031
2.427355
1.718469
0.8117248
0.0
0.4901821
0.580256
0.3535414
0.0
0.2785714
0.3573197
0.2316751
0.0
0.1999405
0.2655127
0.1773545
0.0
0.1607464
0.2179008
0.1482869
0.0
0.1388606
0.190991
0.1317551
0.0
0.1264996
0.1760187
0.1227845
0.0
0.1204075
0.1692543
0.119248
0.0
0.1192484
0.1692541
0.1204082
0.0
0.1227845
0.1760188
0.1264994
0.0
0.131754
0.1909915
0.1388606
0.0
0.1482867
0.2179004
0.1607469
0.0
0.1773553
0.2655129
0.199941
0.0
0.2316753
0.35732
0.2785709
0.0
0.3535415
0.5802557
0.490183
0.0
0.811725
1.718472
2.427356
0.1854593
0.1670415
0.1182556
0.05585873
0.0
0.0337324
0.03993033
0.02432835
0.0
0.01916997
0.02458907
0.01594256
0.0
0.01375884
0.01827145
0.01220586
0.0
0.01106119
0.01499478
0.01020378
0.0
0.009555607
0.01314323
0.009066171
0.0
0.008704847
0.01211295
0.008449337
0.0
0.008286094
0.01164738
0.008206397
0.0
0.008206023
0.0116479
0.008285422
0.0
0.008449361
0.01211313
0.008705338
0.0
0.009067409
0.01314282
0.00955561
0.0
0.01020425
0.0149951
0.01106054
0.0
0.01220477
0.01827042
0.01375899
0.0
0.01594228
0.02458895
0.01917067
0.0
0.02432954
0.03993048
0.0337313
0.0
0.05585981
0.1182589
0.1670369
2.404806
2.165954
1.533404
0.7243102
0.0
0.437395
0.5177681
0.3154688
0.0
0.248572
0.318841
0.2067254
0.0
0.1784091
0.2369197
0.1582568
0.0
0.1434345
0.194435
0.1323169
0.0
0.1239062
0.1704236
0.1175654
0.0
0.1128759
0.1570634
0.1095617
0.0
0.1074414
0.1510276
0.1064067
0.0
0.1064059
0.1510281
0.1074409
0.0
0.1095617
0.1570636
0.1128773
0.0
0.1175668
0.1704236
0.1239067
0.0
0.132317
0.1944353
0.1434338
0.0
0.1582557
0.2369192
0.178409
0.0
0.2067254
0.3188411
0.2485727
0.0
0.3154694
0.5177687
0.4373945
0.0
0.724309
1.533404
2.165954
3.087426
2.780781
1.968678
0.9299119
0.0
0.5615536
0.6647407
0.4050176
0.0
0.3191314
0.4093457
0.2654063
0.0
0.2290523
0.3041714
0.2031792
0.0
0.1841501
0.2496274
0.1698762
0.0
0.1590781
0.2187998
0.1509375
0.0
0.1449169
0.2016472
0.1406616
0.0
0.1379394
0.1938978
0.1366112
0.0
0.1366101
0.1938983
0.137939
0.0
0.1406616
0.2016474
0.1449185
0.0
0.1509391
0.2187993
0.1590789
0.0
0.1698766
0.249627
0.1841494
0.0
0.2031781
0.3041707
0.2290524
0.0
0.2654064
0.4093457
0.3191322
0.0
0.405018
0.6647406
0.5615525
0.0
0.9299102
1.968677
2.780776
2.191784
1.974092
1.39758
0.6601493
0.0
0.3986508
0.4719046
0.2875246
0.0
0.2265539
0.2905984
0.1884141
0.0
0.1626057
0.2159336
0.1442384
0.0
0.1307295
0.1772122
0.1205963
0.0
0.1129307
0.1553277
0.1071515
0.0
0.1028772
0.143151
0.09985697
0.0
0.09792441
0.1376498
0.0969814
0.0
0.09698033
0.1376498
0.0979239
0.0
0.09985665
0.1431512
0.102879
0.0
0.1071529
0.1553272
0.1129312
0.0
0.1205968
0.1772124
0.1307289
0.0
0.1442374
0.2159334
0.162606
0.0
0.188414
0.2905974
0.2265546
0.0
0.2875249
0.4719045
0.3986507
0.0
0.6601505
1.397579
1.97409
0.3848145
0.346595
0.2453756
0.1159026
0.0
0.06999198
0.08285243
0.05048076
0.0
0.03977624
0.05102124
0.03308004
0.0
0.02854872
0.03791172
0.02532417
0.0
0.02295236
0.03111332
0.02117318
0.0
0.01982717
0.02727108
0.01881246
0.0
0.01806155
0.02513344
0.01753228
0.0
0.017193
0.02416748
0.01702755
0.0
0.01702614
0.02416764
0.01719241
0.0
0.01753196
0.02513354
0.01806366
0.0
0.01881398
0.02727075
0.01982766
0.0
0.02117348
0.03111388
0.02295203
0.0
0.02532389
0.03791174
0.02854924
0.0
0.03308002
0.05102085
0.03977716
0.0
0.05048171
0.08285339
0.0699922
0.0
0.1159038
0.2453756
0.3465918
1.358105
1.223217
0.8659853
0.4090523
0.0
0.2470179
0.2924085
0.1781603
0.0
0.1403806
0.1800636
0.1167479
0.0
0.1007561
0.1338
0.08937488
0.0
0.08100464
0.1098065
0.07472605
0.0
0.06997628
0.09624624
0.06639536
0.0
0.06374759
0.08870094
0.06187455
0.0
0.06067697
0.08529231
0.06009251
0.0
0.0600936
0.08529217
0.06067724
0.0
0.06187479
0.08870062
0.06374579
0.0
0.06639403
0.09624635
0.06997576
0.0
0.07472561
0.1098058
0.08100454
0.0
0.0893749
0.1337997
0.1007559
0.0
0.116748
0.1800637
0.1403797
0.0
0.1781598
0.2924075
0.2470175
0.0
0.4090518
0.8659855
1.223219
2.22614
2.005038
1.419484
0.6704985
0.0
0.4048997
0.4793017
0.2920322
0.0
0.2301052
0.2951518
0.1913676
0.0
0.1651546
0.2193184
0.1464992
0.0
0.1327789
0.1799897
0.1224871
0.0
0.1147013
0.1577624
0.1088318
0.0
0.1044911
0.1453943
0.1014218
0.0
0.09945906
0.1398071
0.09850095
0.0
0.09850196
0.139807
0.09945913
0.0
0.1014221
0.1453943
0.1044898
0.0
0.1088307
0.1577623
0.1147013
0.0
0.1224869
0.1799889
0.1327789
0.0
0.146499
0.2193177
0.1651545
0.0
0.1913676
0.2951521
0.2301046
0.0
0.2920317
0.4793017
0.404899
0.0
0.670498
1.419483
2.00504
1.91286
1.722872
1.219719
0.5761397
0.0
0.3479182
0.4118496
0.2509346
0.0
0.1977226
0.2536159
0.1644367
0.0
0.1419124
0.1884542
0.1258826
0.0
0.1140931
0.15466
0.1052495
0.0
0.09855933
0.1355607
0.093516
0.0
0.08978605
0.1249333
0.08714878
0.0
0.08546226
0.1201324
0.08463914
0.0
0.08463992
0.1201322
0.08546231
0.0
0.0871489
0.1249333
0.08978525
0.0
0.09351521
0.1355607
0.09855952
0.0
0.1052491
0.1546589
0.1140928
0.0
0.1258821
0.1884531
0.1419125
0.0
0.1644365
0.2536157
0.197722
0.0
0.2509344
0.41185
0.3479186
0.0
0.57614
1.21972
1.722872
0.694985
0.6259584
0.4431525
0.2093247
0.0
0.1264064
0.1496348
0.0911699
0.0
0.07183717
0.09214409
0.05974346
0.0
0.05156004
0.06846994
0.04573634
0.0
0.04145291
0.05619194
0.03823942
0.0
0.03580869
0.04925241
0.03397669
0.0
0.03262148
0.04539117
0.0316631
0.0
0.03105039
0.0436471
0.03075126
0.0
0.030752
0.04364694
0.03105056
0.0
0.03166311
0.045391
0.03262097
0.0
0.03397611
0.04925212
0.035809
0.0
0.0382393
0.05619073
0.04145261
0.0
0.0457358
0.06846879
0.05156006
0.0
0.0597434
0.09214409
0.07183702
0.0
0.0911703
0.149634
0.1264063
0.0
0.2093242
0.4431507
0.6259592
0.7553915
0.6803623
0.4816739
0.2275189
0.0
0.1373941
0.1626407
0.09909488
0.0
0.07808103
0.1001538
0.06493634
0.0
0.05604168
0.07442042
0.04971091
0.0
0.04505538
0.06107499
0.04156344
0.0
0.03892163
0.05353297
0.03692943
0.0
0.03545669
0.04933637
0.03441554
0.0
0.03374919
0.04744018
0.03342425
0.0
0.03342373
0.04744055
0.03374914
0.0
0.03441545
0.04933653
0.03545668
0.0
0.03692972
0.05353329
0.03892111
0.0
0.04156364
0.06107617
0.04505555
0.0
0.04971138
0.07442171
0.0560417
0.0
0.06493668
0.1001538
0.07808103
0.0
0.09909448
0.1626404
0.1373937
0.0
0.2275192
0.4816742
0.6803657
1.717265
1.546702
1.095002
0.5172271
0.0
0.3123432
0.3697374
0.2252764
0.0
0.1775048
0.2276832
0.1476224
0.0
0.1274018
0.1691833
0.1130103
0.0
0.1024266
0.1388448
0.0944879
0.0
0.08848192
0.121699
0.08395335
0.0
0.0806052
0.1121582
0.07823786
0.0
0.07672345
0.1078483
0.07598438
0.0
0.07598429
0.1078483
0.07672326
0.0
0.07823797
0.1121588
0.08060473
0.0
0.08395332
0.121699
0.08848117
0.0
0.09448765
0.138846
0.1024265
0.0
0.1130105
0.1691846
0.1274018
0.0
0.1476226
0.2276834
0.1775046
0.0
0.2252749
0.3697378
0.3123426
0.0
0.5172281
1.095005
1.5467
1.759129
1.584408
1.121697
0.5298367
0.0
0.319957
0.3787504
0.2307681
0.0
0.1818317
0.2332331
0.1512209
0.0
0.1305074
0.1733073
0.1157652
0.0
0.1049236
0.1422296
0.09679105
0.0
0.09063894
0.124666
0.08599998
0.0
0.08257035
0.1148921
0.08014519
0.0
0.07859389
0.1104772
0.07783677
0.0
0.07783653
0.1104775
0.07859348
0.0
0.08014537
0.1148929
0.08256968
0.0
0.08599982
0.1246658
0.09063811
0.0
0.09679091
0.1422305
0.1049233
0.0
0.1157654
0.1733087
0.1305073
0.0
0.1512212
0.2332337
0.1818319
0.0
0.2307663
0.3787507
0.319956
0.0
0.5298361
1.121697
1.584406
0.9194319
0.8281149
0.5862707
0.2769264
0.0
0.1672308
0.19796
0.1206149
0.0
0.09503712
0.1219027
0.07903786
0.0
0.06821156
0.09058204
0.06050677
0.0
0.05484001
0.07433814
0.05058924
0.0
0.04737407
0.06515861
0.04494905
0.0
0.04315689
0.06004988
0.04188899
0.0
0.04107818
0.05774294
0.04068248
0.0
0.0406823
0.05774286
0.04107776
0.0
0.04188946
0.06005061
0.04315612
0.0
0.04494873
0.06515812
0.0473731
0.0
0.050589
0.07433873
0.05483967
0.0
0.06050655
0.09058219
0.06821137
0.0
0.07903832
0.1219031
0.0950368
0.0
0.1206132
0.19796
0.1672298
0.0
0.2769262
0.5862721
0.8281115
0.3412047
0.3073179
0.2175677
0.1027692
0.0
0.06205937
0.07346343
0.04475962
0.0
0.03526862
0.04523855
0.0293316
0.0
0.02531382
0.03361567
0.02245377
0.0
0.02035093
0.02758757
0.01877385
0.0
0.01758007
0.02418037
0.01668105
0.0
0.01601494
0.02228548
0.01554507
0.0
0.01524433
0.02142848
0.01509763
0.0
0.01509772
0.02142846
0.01524479
0.0
0.01554477
0.02228465
0.01601576
0.0
0.01668129
0.02418088
0.01758096
0.0
0.0187741
0.02758747
0.02035149
0.0
0.02245421
0.03361513
0.02531369
0.0
0.02933106
0.04523836
0.035269
0.0
0.0447614
0.07346327
0.06206034
0.0
0.1027691
0.2175672
0.307318
1.380785
1.243644
0.8804464
0.4158832
0.0
0.2511421
0.2972911
0.1811346
0.0
0.1427244
0.183071
0.1186973
0.0
0.1024386
0.136034
0.09086648
0.0
0.08235685
0.11164
0.07597357
0.0
0.07114396
0.09785312
0.06750385
0.0
0.06481066
0.09018266
0.06290781
0.0
0.06169016
0.08671602
0.06109612
0.0
0.06109631
0.08671629
0.0616906
0.0
0.06290734
0.09018177
0.06481148
0.0
0.0675042
0.09785377
0.07114474
0.0
0.07597373
0.1116401
0.08235729
0.0
0.09086712
0.1360338
0.1024386
0.0
0.1186971
0.1830705
0.1427249
0.0
0.1811354
0.2972899
0.2511422
0.0
0.4158813
0.880446
1.243646
1.689986
1.522132
1.077606
0.5090117
0.0
0.3073805
0.3638632
0.2216965
0.0
0.1746852
0.224066
0.1452776
0.0
0.125378
0.1664966
0.1112148
0.0
0.1007992
0.1366399
0.09298658
0.0
0.08707552
0.1197655
0.08262005
0.0
0.07932411
0.1103773
0.07699502
0.0
0.07550481
0.1061348
0.07477754
0.0
0.07477776
0.106135
0.07550509
0.0
0.07699477
0.1103767
0.07932453
0.0
0.08262011
0.1197659
0.08707613
0.0
0.09298672
0.1366399
0.1007995
0.0
0.1112151
0.1664959
0.1253778
0.0
0.1452772
0.2240663
0.1746853
0.0
0.2216976
0.3638624
0.3073812
0.0
0.5090114
1.077606
1.522133
1.132096
1.019651
0.7218729
0.3409804
0.0
0.2059094
0.2437467
0.148511
0.0
0.1170189
0.1500982
0.09731898
0.0
0.08398879
0.1115333
0.07450089
0.0
0.06752397
0.09153307
0.06229035
0.0
0.05833064
0.08022908
0.05534592
0.0
0.05313797
0.07393949
0.05157765
0.0
0.05057923
0.07109801
0.05009234
0.0
0.05009238
0.07109805
0.05057961
0.0
0.05157752
0.07393929
0.05313839
0.0
0.05534584
0.08022954
0.05833093
0.0
0.06229034
0.09153302
0.06752413
0.0
0.07450113
0.1115329
0.08398882
0.0
0.09731878
0.1500984
0.1170189
0.0
0.1485113
0.2437461
0.2059095
0.0
0.3409778
0.7218722
1.01965
0.0
0.0
0.0
0.0
0.0
0.0
0.0
0.0
0.0
0.0
0.0
0.0
0.0
0.0
0.0
0.0
0.0
0.0
0.0
0.0
0.0
0.0
0.0
0.0
0.0
0.0
0.0
0.0
0.0
0.0
0.0
0.0
0.0
0.0
0.0
0.0
0.0
0.0
0.0
0.0
0.0
0.0
0.0
0.0
0.0
0.0
0.0
0.0
0.0
0.0
0.0
0.0
0.0
0.0
0.0
0.0
0.0
0.0
0.0
0.0
0.0
0.0
0.0
0.0
1.132097
1.019652
0.7218757
0.3409793
0.0
0.2059096
0.243746
0.1485113
0.0
0.1170188
0.1500985
0.09731912
0.0
0.08398882
0.1115334
0.07450079
0.0
0.0675239
0.09153302
0.06229023
0.0
0.05833065
0.08022919
0.05534595
0.0
0.05313802
0.07393996
0.05157756
0.0
0.0505793
0.07109817
0.05009234
0.0
0.05009229
0.07109791
0.05057969
0.0
0.05157731
0.07393973
0.05313841
0.0
0.05534601
0.0802294
0.05833089
0.0
0.06229034
0.09153278
0.06752397
0.0
0.07450152
0.1115331
0.08398869
0.0
0.09731898
0.1500987
0.1170187
0.0
0.1485119
0.2437467
0.2059102
0.0
0.3409795
0.7218727
1.019652
1.689985
1.522131
1.077607
0.5090127
0.0
0.3073803
0.3638636
0.2216968
0.0
0.1746851
0.2240661
0.1452776
0.0
0.1253782
0.1664966
0.1112147
0.0
0.1007992
0.1366398
0.0929865
0.0
0.08707549
0.1197655
0.08261991
0.0
0.07932407
0.1103773
0.07699487
0.0
0.07550462
0.106135
0.07477753
0.0
0.07477763
0.1061351
0.07550497
0.0
0.0769948
0.1103765
0.07932463
0.0
0.08262019
0.1197661
0.08707597
0.0
0.09298669
0.1366403
0.1007998
0.0
0.1112151
0.166496
0.125378
0.0
0.1452771
0.224066
0.1746851
0.0
0.2216978
0.3638638
0.3073814
0.0
0.5090119
1.077608
1.522133
1.380785
1.243643
0.8804474
0.4158826
0.0
0.2511418
0.2972904
0.1811345
0.0
0.1427245
0.183071
0.1186976
0.0
0.1024388
0.1360339
0.09086677
0.0
0.08235665
0.1116403
0.07597363
0.0
0.0711441
0.09785336
0.06750391
0.0
0.06481065
0.0901824
0.06290779
0.0
0.06169029
0.08671632
0.0610962
0.0
0.06109625
0.08671634
0.0616907
0.0
0.06290745
0.0901818
0.06481136
0.0
0.06750412
0.0978537
0.07114469
0.0
0.07597382
0.1116403
0.08235715
0.0
0.09086716
0.1360337
0.1024387
0.0
0.1186971
0.1830708
0.1427249
0.0
0.1811358
0.2972902
0.2511428
0.0
0.4158829
0.8804476
1.243645
0.3412047
0.3073193
0.2175672
0.102769
0.0
0.06205918
0.0734631
0.0447598
0.0
0.03526866
0.04523877
0.02933139
0.0
0.02531391
0.03361568
0.02245378
0.0
0.0203509
0.0275875
0.01877378
0.0
0.01758008
0.02418035
0.01668101
0.0
0.01601503
0.02228542
0.01554505
0.0
0.01524431
0.02142841
0.01509755
0.0
0.01509762
0.02142848
0.01524479
0.0
0.01554478
0.02228457
0.01601579
0.0
0.0166814
0.0241809
0.01758086
0.0
0.01877411
0.02758748
0.02035152
0.0
0.02245413
0.03361516
0.02531371
0.0
0.02933107
0.04523861
0.03526931
0.0
0.04476135
0.07346363
0.06206037
0.0
0.1027695
0.2175677
0.3073187
0.9194307
0.8281115
0.5862717
0.2769265
0.0
0.1672302
0.19796
0.1206143
0.0
0.09503727
0.1219027
0.0790379
0.0
0.06821145
0.09058148
0.06050668
0.0
0.05483995
0.07433835
0.0505893
0.0
0.04737404
0.06515853
0.04494902
0.0
0.043157
0.06004981
0.04188915
0.0
0.04107822
0.05774264
0.04068253
0.0
0.04068248
0.05774271
0.04107772
0.0
0.04188934
0.0600507
0.04315593
0.0
0.04494862
0.06515805
0.04737306
0.0
0.05058898
0.07433853
0.05483961
0.0
0.06050636
0.09058247
0.06821145
0.0
0.07903809
0.121903
0.09503687
0.0
0.1206129
0.1979595
0.1672294
0.0
0.2769268
0.5862724
0.8281103
1.759129
1.584407
1.121699
0.5298364
0.0
0.3199572
0.378751
0.2307682
0.0
0.1818319
0.2332334
0.1512209
0.0
0.1305076
0.1733078
0.1157655
0.0
0.1049237
0.1422296
0.09679109
0.0
0.09063907
0.1246659
0.08600006
0.0
0.08257048
0.1148923
0.08014505
0.0
0.07859382
0.1104773
0.07783677
0.0
0.07783667
0.1104775
0.07859357
0.0
0.08014552
0.114893
0.08256961
0.0
0.08599985
0.1246657
0.09063814
0.0
0.09679105
0.1422306
0.1049235
0.0
0.1157654
0.1733086
0.1305074
0.0
0.1512214
0.2332338
0.1818315
0.0
0.2307667
0.3787509
0.3199562
0.0
0.5298365
1.121698
1.584405
1.717264
1.546702
1.095001
0.5172272
0.0
0.3123426
0.3697368
0.225276
0.0
0.1775044
0.2276826
0.1476222
0.0
0.1274017
0.1691828
0.11301
0.0
0.1024265
0.1388448
0.09448757
0.0
0.08848189
0.1216988
0.08395315
0.0
0.08060506
0.1121583
0.07823772
0.0
0.07672335
0.107848
0.07598436
0.0
0.07598417
0.1078481
0.07672318
0.0
0.07823788
0.1121585
0.0806046
0.0
0.08395335
0.1216989
0.088481
0.0
0.09448754
0.1388456
0.1024263
0.0
0.1130102
0.1691842
0.1274014
0.0
0.1476225
0.2276828
0.1775044
0.0
0.2252747
0.3697374
0.312342
0.0
0.5172274
1.095002
1.5467
0.7553915
0.6803623
0.4816742
0.2275188
0.0
0.1373941
0.1626407
0.09909485
0.0
0.07808103
0.1001538
0.06493632
0.0
0.05604167
0.07442044
0.04971091
0.0
0.04505537
0.06107499
0.04156342
0.0
0.03892165
0.05353297
0.03692945
0.0
0.03545668
0.04933638
0.03441554
0.0
0.03374919
0.04744017
0.03342423
0.0
0.03342375
0.04744058
0.03374913
0.0
0.03441544
0.04933653
0.03545667
0.0
0.03692969
0.05353327
0.03892109
0.0
0.04156367
0.06107615
0.04505556
0.0
0.04971138
0.07442171
0.05604172
0.0
0.06493668
0.1001538
0.07808102
0.0
0.09909447
0.1626404
0.1373937
0.0
0.2275193
0.4816739
0.680366
0.6949836
0.6259596
0.4431507
0.2093245
0.0
0.126406
0.1496335
0.09117008
0.0
0.07183702
0.09214401
0.0597436
0.0
0.05155996
0.06846987
0.04573631
0.0
0.04145264
0.05619181
0.03823932
0.0
0.03580878
0.04925249
0.03397673
0.0
0.03262137
0.04539112
0.03166305
0.0
0.03105048
0.04364705
0.03075138
0.0
0.0307519
0.0436468
0.03105053
0.0
0.03166312
0.04539106
0.03262096
0.0
0.03397615
0.04925219
0.03580894
0.0
0.03823928
0.05619068
0.04145236
0.0
0.04573565
0.0684687
0.05155981
0.0
0.05974346
0.092144
0.07183686
0.0
0.09117042
0.1496342
0.1264069
0.0
0.2093238
0.4431501
0.6259602
1.912857
1.72287
1.219721
0.5761396
0.0
0.3479185
0.4118498
0.2509341
0.0
0.1977227
0.2536156
0.1644365
0.0
0.1419125
0.1884539
0.1258826
0.0
0.1140931
0.1546602
0.1052495
0.0
0.09855928
0.1355606
0.09351597
0.0
0.08978608
0.1249333
0.08714882
0.0
0.08546217
0.1201324
0.08463909
0.0
0.08463992
0.1201322
0.08546221
0.0
0.08714897
0.1249332
0.0897851
0.0
0.09351517
0.1355605
0.09855939
0.0
0.1052493
0.154659
0.1140928
0.0
0.1258819
0.1884532
0.1419123
0.0
0.1644365
0.2536152
0.1977222
0.0
0.2509343
0.4118502
0.3479182
0.0
0.57614
1.219719
1.722872
2.226145
2.00504
1.419487
0.670499
0.0
0.4048998
0.4793014
0.2920325
0.0
0.2301055
0.2951524
0.1913677
0.0
0.1651547
0.2193183
0.1464994
0.0
0.1327791
0.17999
0.1224871
0.0
0.1147014
0.1577625
0.1088319
0.0
0.1044912
0.1453945
0.1014219
0.0
0.0994591
0.1398072
0.09850114
0.0
0.09850214
0.1398072
0.09945925
0.0
0.1014222
0.1453946
0.10449
0.0
0.1088308
0.1577626
0.1147013
0.0
0.122487
0.1799893
0.1327789
0.0
0.1464989
0.2193179
0.1651547
0.0
0.1913677
0.2951527
0.2301047
0.0
0.2920319
0.4793021
0.4049
0.0
0.6704986
1.419486
2.005041
1.358105
1.223217
0.8659855
0.4090519
0.0
0.2470179
0.292408
0.1781605
0.0
0.1403807
0.1800635
0.116748
0.0
0.1007561
0.1337999
0.08937482
0.0
0.08100465
0.1098066
0.07472608
0.0
0.06997626
0.09624618
0.06639543
0.0
0.06374761
0.08870083
0.06187456
0.0
0.06067694
0.08529229
0.06009249
0.0
0.06009355
0.08529214
0.06067725
0.0
0.06187478
0.08870073
0.0637457
0.0
0.06639402
0.09624636
0.06997579
0.0
0.07472567
0.109806
0.08100464
0.0
0.08937486
0.1337996
0.1007559
0.0
0.1167479
0.1800639
0.1403797
0.0
0.1781601
0.2924079
0.2470174
0.0
0.4090518
0.8659853
1.22322
0.3848192
0.3465934
0.2453753
0.1159041
0.0
0.06999194
0.08285377
0.05048103
0.0
0.03977593
0.05102143
0.03307957
0.0
0.02854878
0.03791162
0.02532409
0.0
0.02295225
0.03111359
0.02117306
0.0
0.01982719
0.02727102
0.01881249
0.0
0.01806163
0.02513346
0.01753228
0.0
0.0171927
0.02416744
0.01702746
0.0
0.01702621
0.02416752
0.0171924
0.0
0.01753185
0.02513374
0.0180635
0.0
0.01881394
0.02727097
0.01982764
0.0
0.02117348
0.03111395
0.02295195
0.0
0.02532409
0.03791187
0.02854931
0.0
0.03308002
0.05102077
0.0397772
0.0
0.05048146
0.08285326
0.06999228
0.0
0.1159035
0.2453756
0.3465921
2.191783
1.974093
1.397579
0.6601495
0.0
0.3986506
0.4719046
0.2875246
0.0
0.2265536
0.2905979
0.1884137
0.0
0.162606
0.2159335
0.1442382
0.0
0.1307295
0.1772124
0.1205962
0.0
0.1129307
0.1553279
0.1071513
0.0
0.1028771
0.1431509
0.09985699
0.0
0.09792445
0.1376498
0.09698141
0.0
0.09698023
0.1376497
0.09792393
0.0
0.09985664
0.1431508
0.1028789
0.0
0.1071531
0.1553272
0.1129312
0.0
0.1205968
0.1772119
0.1307289
0.0
0.1442374
0.2159328
0.1626061
0.0
0.1884136
0.2905976
0.2265546
0.0
0.2875251
0.4719041
0.3986506
0.0
0.6601494
1.397579
1.97409
3.087425
2.780778
1.968678
0.9299105
0.0
0.5615531
0.6647407
0.4050167
0.0
0.3191316
0.4093457
0.2654061
0.0
0.2290525
0.3041714
0.2031792
0.0
0.1841499
0.2496272
0.1698762
0.0
0.1590782
0.2187998
0.1509375
0.0
0.1449168
0.2016473
0.1406619
0.0
0.1379395
0.1938981
0.1366109
0.0
0.1366102
0.1938983
0.1379389
0.0
0.1406614
0.2016474
0.1449182
0.0
0.150939
0.2187992
0.1590787
0.0
0.1698767
0.2496273
0.1841491
0.0
0.203178
0.3041707
0.2290526
0.0
0.2654062
0.4093456
0.3191322
0.0
0.4050176
0.6647407
0.5615524
0.0
0.9299108
1.968678
2.780775
2.404806
2.165954
1.533404
0.7243102
0.0
0.437395
0.5177681
0.3154688
0.0
0.248572
0.318841
0.2067254
0.0
0.1784091
0.2369197
0.1582568
0.0
0.1434345
0.194435
0.1323169
0.0
0.1239062
0.1704236
0.1175654
0.0
0.1128759
0.1570634
0.1095617
0.0
0.1074414
0.1510276
0.1064067
0.0
0.1064059
0.1510281
0.1074409
0.0
0.1095617
0.1570636
0.1128773
0.0
0.1175668
0.1704236
0.1239067
0.0
0.132317
0.1944353
0.1434338
0.0
0.1582557
0.2369192
0.178409
0.0
0.2067254
0.3188411
0.2485727
0.0
0.3154694
0.5177687
0.4373945
0.0
0.724309
1.533404
2.165954
0.185458
0.1670412
0.1182554
0.05585793
0.0
0.03373222
0.03993002
0.02432911
0.0
0.01916985
0.0245889
0.01594237
0.0
0.01375872
0.01827156
0.01220572
0.0
0.01106147
0.01499503
0.01020372
0.0
0.009555515
0.01314326
0.009066395
0.0
0.008704484
0.0121129
0.008449384
0.0
0.008285916
0.01164719
0.00820636
0.0
0.008205747
0.01164765
0.008285567
0.0
0.008449229
0.01211286
0.008705347
0.0
0.009067555
0.01314277
0.009555938
0.0
0.01020421
0.01499505
0.01106048
0.0
0.01220483
0.01827066
0.01375912
0.0
0.01594243
0.02458915
0.01917046
0.0
0.02432901
0.03993076
0.0337317
0.0
0.05585737
0.1182537
0.167038
2.695036
2.427353
1.71847
0.8117259
0.0
0.4901822
0.580256
0.353542
0.0
0.2785715
0.3573199
0.2316748
0.0
0.1999409
0.2655125
0.1773546
0.0
0.1607463
0.2179007
0.1482871
0.0
0.1388607
0.1909913
0.1317551
0.0
0.1264996
0.1760184
0.1227847
0.0
0.1204076
0.1692543
0.1192482
0.0
0.1192486
0.1692541
0.1204083
0.0
0.1227845
0.1760189
0.1264993
0.0
0.1317541
0.1909914
0.1388606
0.0
0.1482867
0.2179002
0.1607469
0.0
0.1773555
0.2655129
0.1999412
0.0
0.2316752
0.35732
0.2785712
0.0
0.3535421
0.5802566
0.4901835
0.0
0.8117246
1.718472
2.427357
4.783775
4.30864
3.050345
1.440839
0.0
0.8700909
1.029976
0.6275495
0.0
0.4944744
0.6342559
0.4112314
0.0
0.3549024
0.4712946
0.3148113
0.0
0.2853298
0.3867815
0.2632141
0.0
0.2464823
0.3390161
0.2338693
0.0
0.2245409
0.3124395
0.2179469
0.0
0.2137281
0.3004325
0.2116698
0.0
0.2116699
0.3004324
0.2137286
0.0
0.2179465
0.3124399
0.2245407
0.0
0.2338686
0.3390166
0.2464824
0.0
0.2632138
0.3867809
0.2853302
0.0
0.3148121
0.4712947
0.3549021
0.0
0.4112317
0.6342555
0.4944743
0.0
0.6275495
1.029976
0.8700919
0.0
1.44084
3.050345
4.30864
4.645042
4.183687
2.961881
1.399054
0.0
0.8448578
1.000105
0.6093499
0.0
0.4801343
0.6158617
0.3993051
0.0
0.34461
0.4576268
0.3056819
0.0
0.2770551
0.3755644
0.2555806
0.0
0.239334
0.3291844
0.2270869
0.0
0.218029
0.3033786
0.2116261
0.0
0.2075299
0.29172
0.2055313
0.0
0.2055312
0.2917197
0.2075302
0.0
0.2116258
0.3033789
0.2180292
0.0
0.2270862
0.3291845
0.2393343
0.0
0.2555803
0.3755637
0.2770551
0.0
0.3056822
0.4576265
0.3446098
0.0
0.3993054
0.6158614
0.4801342
0.0
0.6093501
1.000105
0.8448586
0.0
1.399055
2.961881
4.183687
1.595056
1.436627
1.017077
0.4804186
0.0
0.2901142
0.3434244
0.209244
0.0
0.1648726
0.2114798
0.1371168
0.0
0.1183352
0.1571441
0.1049674
0.0
0.0951378
0.1289641
0.08776371
0.0
0.08218417
0.1130379
0.07797924
0.0
0.07486866
0.1041767
0.07267007
0.0
0.07126334
0.1001735
0.07057702
0.0
0.07057694
0.1001732
0.07126355
0.0
0.07266967
0.1041776
0.07486889
0.0
0.07797878
0.1130378
0.08218478
0.0
0.08776361
0.1289636
0.09513753
0.0
0.1049677
0.1571437
0.1183349
0.0
0.137117
0.2114794
0.1648726
0.0
0.209244
0.3434242
0.2901148
0.0
0.4804196
1.017077
1.43663
3.710898
3.342327
2.366229
1.117696
0.0
0.6749531
0.7989779
0.4868058
0.0
0.3835765
0.492008
0.3190023
0.0
0.2753066
0.3655948
0.2442083
0.0
0.221337
0.3000365
0.2041811
0.0
0.191203
0.2629844
0.1814178
0.0
0.1741819
0.2423671
0.1690666
0.0
0.1657946
0.2330529
0.1641978
0.0
0.164198
0.2330531
0.1657946
0.0
0.1690671
0.2423665
0.1741818
0.0
0.1814181
0.2629845
0.1912024
0.0
0.204181
0.3000369
0.2213373
0.0
0.2442082
0.3655954
0.2753068
0.0
0.3190021
0.4920084
0.3835764
0.0
0.486806
0.7989783
0.6749525
0.0
1.117696
2.36623
3.342325
9.11153
8.206554
5.809907
2.744328
0.0
1.65724
1.961766
1.195276
0.0
0.941812
1.208049
0.7832606
0.0
0.6759725
0.8976613
0.5996147
0.0
0.5434588
0.7366921
0.5013352
0.0
0.4694687
0.6457165
0.4454438
0.0
0.4276766
0.5950949
0.4151169
0.0
0.4070825
0.5722256
0.403162
0.0
0.4031622
0.5722256
0.4070826
0.0
0.4151175
0.5950944
0.4276767
0.0
0.445444
0.6457162
0.4694678
0.0
0.5013352
0.7366924
0.5434592
0.0
0.5996145
0.8976619
0.6759727
0.0
0.7832602
1.208049
0.9418122
0.0
1.195276
1.961766
1.65724
0.0
2.744327
5.809907
8.206554
11.33912
10.2129
7.230319
3.415263
0.0
2.062404
2.44138
1.487498
0.0
1.172067
1.503394
0.9747529
0.0
0.8412348
1.117122
0.7462086
0.0
0.6763245
0.9167994
0.6239023
0.0
0.5842449
0.8035814
0.5543464
0.0
0.5322351
0.7405844
0.5166051
0.0
0.5066065
0.7121235
0.5017273
0.0
0.5017275
0.7121237
0.5066065
0.0
0.5166056
0.7405837
0.5322356
0.0
0.5543465
0.8035814
0.5842438
0.0
0.6239023
0.9167994
0.6763248
0.0
0.7462088
1.117123
0.841235
0.0
0.9747525
1.503394
1.172067
0.0
1.487498
2.44138
2.062404
0.0
3.415262
7.230319
10.2129
6.933406
6.244765
4.42104
2.088292
0.0
1.261074
1.492803
0.9095437
0.0
0.7166705
0.9192638
0.596021
0.0
0.5143802
0.6830739
0.4562755
0.0
0.4135447
0.5605851
0.3814905
0.0
0.3572415
0.4913567
0.3389602
0.0
0.3254397
0.4528366
0.3158828
0.0
0.3097688
0.4354339
0.3067855
0.0
0.3067856
0.4354343
0.3097689
0.0
0.3158831
0.4528363
0.3254402
0.0
0.3389599
0.4913566
0.3572408
0.0
0.3814904
0.5605848
0.4135449
0.0
0.4562757
0.6830747
0.5143806
0.0
0.5960211
0.9192636
0.7166708
0.0
0.9095438
1.492803
1.261074
0.0
2.088292
4.42104
6.244762
6.58352
5.929631
4.197939
1.982909
0.0
1.197436
1.417471
0.8636448
0.0
0.6805047
0.8728739
0.5659439
0.0
0.4884232
0.6486043
0.4332507
0.0
0.3926747
0.532295
0.362239
0.0
0.3392135
0.4665606
0.3218544
0.0
0.3090173
0.429985
0.2999418
0.0
0.2941368
0.4134617
0.2913041
0.0
0.2913043
0.4134614
0.2941368
0.0
0.2999417
0.4299854
0.3090168
0.0
0.3218548
0.4665608
0.3392141
0.0
0.3622392
0.5322956
0.3926746
0.0
0.4332508
0.648604
0.4884229
0.0
0.5659437
0.872874
0.6805044
0.0
0.863645
1.41747
1.197436
0.0
1.982911
4.19794
5.929633
29.65206
26.70695
18.90744
8.930989
0.0
5.393231
6.384263
3.889842
0.0
3.064981
3.931409
2.549001
0.0
2.199848
2.921301
1.951353
0.0
1.768602
2.397449
1.631519
0.0
1.527812
2.101382
1.449628
0.0
1.391808
1.936645
1.350934
0.0
1.324787
1.862221
1.312028
0.0
1.312029
1.862221
1.324787
0.0
1.350934
1.936645
1.391807
0.0
1.449628
2.101382
1.527812
0.0
1.631519
2.39745
1.768602
0.0
1.951353
2.921301
2.199849
0.0
2.549001
3.93141
3.064981
0.0
3.889842
6.384262
5.39323
0.0
8.930989
18.90745
26.70696
60.12132
54.14994
38.33597
18.10811
0.0
10.9351
12.94447
7.886885
0.0
6.214431
7.971167
5.168251
0.0
4.460324
5.923112
3.956484
0.0
3.585947
4.860971
3.308001
0.0
3.09773
4.260677
2.939207
0.0
2.821972
3.926662
2.739099
0.0
2.686085
3.775764
2.660216
0.0
2.660216
3.775764
2.686085
0.0
2.739099
3.926662
2.821972
0.0
2.939208
4.260678
3.09773
0.0
3.308002
4.860972
3.585947
0.0
3.956484
5.923111
4.460324
0.0
5.168251
7.971167
6.214431
0.0
7.886886
12.94447
10.9351
0.0
18.10811
38.33597
54.14994
93.44183
84.161
59.58258
28.14401
0.0
16.99556
20.11858
12.25797
0.0
9.658602
12.38896
8.032605
0.0
6.932331
9.205827
6.149251
0.0
5.573355
7.555025
5.141366
0.0
4.814559
6.622035
4.568178
0.0
4.38597
6.102902
4.257165
0.0
4.17477
5.868372
4.134563
0.0
4.134564
5.868371
4.17477
0.0
4.257167
6.102902
4.38597
0.0
4.568179
6.622036
4.814558
0.0
5.141366
7.555026
5.573355
0.0
6.149251
9.205826
6.93233
0.0
8.032604
12.38896
9.658601
0.0
12.25797
20.11857
16.99556
0.0
28.14401
59.58258
84.161
123.6172
111.3393
78.8237
37.23261
0.0
22.48397
26.61551
16.21646
0.0
12.77767
16.38975
10.62659
0.0
9.171002
12.17868
8.135041
0.0
7.373171
9.994785
6.801678
0.0
6.369333
8.760504
6.043389
0.0
5.802339
8.073725
5.631941
0.0
5.522936
7.763457
5.469747
0.0
5.469748
7.763457
5.522937
0.0
5.631942
8.073725
5.80234
0.0
6.043391
8.760505
6.369332
0.0
6.801679
9.994785
7.37317
0.0
8.13504
12.17868
9.171002
0.0
10.62659
16.38975
12.77767
0.0
16.21646
26.61551
22.48397
0.0
37.23261
78.8237
111.3393
144.6745
130.3052
92.25079
43.57494
0.0
26.31396
31.14928
18.97882
0.0
14.95426
19.18163
12.43676
0.0
10.73322
14.25324
9.520791
0.0
8.629142
11.69733
7.960298
0.0
7.454306
10.2528
7.07284
0.0
6.790729
9.44903
6.591304
0.0
6.463732
9.085909
6.401482
0.0
6.401483
9.085909
6.463732
0.0
6.591305
9.449029
6.79073
0.0
7.072841
10.2528
7.454305
0.0
7.960299
11.69733
8.629141
0.0
9.52079
14.25324
10.73322
0.0
12.43676
19.18163
14.95426
0.0
18.97882
31.14928
26.31396
0.0
43.57494
92.25079
130.3052
